﻿Etiquetas de fila;Promedio de Compraventa de viviendas;valores enteros;acumulativo
2007;64608;64608;64608
2008;46007;46007;-18601
2009;34449;34449;-11558
2010;36633;36633;2184
2011;29985;29985;-6648
2012;26545;26545;-3440
2013;26049;26049;-496
2014;26569;26569;520
2015;29630;29630;3061
2016;33782;33782;4152
2017;38970;38970;5188
2018;43165;43165;4195
2019;42122;42122;-1043
2020;35020;35020;-7102
2021;45982;45982;10962
Total general;37104;;
;;;
;;;
;;;
